a = 0.1510;
b = -1.4550e-05 ;
kp =(4-a)/b
ki = 4/b